Tiempo en microsegundos
75 
49 
76 
59 
42 
38 
73 
93 
49 
75 
81 
45 
79 
87 
81 
49 
85 
86 
105 
50 
58 
51 
104 
94 
98 
48 
60 
80 
70 
100 
30 
29 
80 
36 
48 
23 
54 
88 
57 
30 
20 
34 
64 
34 
90 
88 
79 
81 
29 
50 
91 
66 
95 
20 
58 
49 
49 
80 
94 
62 
93 
81 
104 
79 
53 
75 
49 
77 
89 
90 
49 
32 
20 
83 
83 
77 
62 
54 
88 
54 
26 
45 
33 
42 
72 
49 
79 
60 
69 
29 
76 
47 
57 
46 
90 
59 
43 
89 
51 
97 
74 
32 
48 
77 
49 
51 
58 
66 
80 
73 
34 
55 
48 
59 
54 
49 
42 
49 
87 
67 
91 
58 
89 
64 
32 
65 
80 
81 
56 
114 
98 
81 
72 
49 
89 
80 
61 
51 
23 
80 
36 
85 
88 
98 
82 
51 
76 
87 
60 
91 
53 
52 
57 
48 
40 
89 
49 
26 
81 
89 
61 
37 
19 
85 
45 
89 
24 
114 
37 
82 
68 
90 
53 
86 
59 
24 
61 
84 
27 
86 
56 
52 
67 
97 
58 
76 
40 
77 
37 
42 
45 
28 
83 
46 
32 
100 
82 
48 
38 
63 
63 
89 
89 
38 
72 
81 
89 
89 
167 
50 
39 
89 
90 
25 
80 
61 
88 
22 
60 
80 
36 
89 
38 
37 
80 
63 
89 
31 
90 
143 
28 
89 
43 
57 
81 
91 
82 
67 
27 
89 
81 
63 
78 
53 
53 
25 
69 
45 
89 
24 
37 
64 
93 
89 
96 
88 
79 
31 
22 
89 
88 
82 
31 
88 
84 
48 
47 
80 
82 
69 
85 
56 
82 
46 
50 
60 
94 
65 
79 
82 
48 
51 
27 
23 
89 
20 
66 
53 
70 
40 
87 
32 
49 
34 
80 
44 
79 
36 
86 
53 
89 
37 
59 
20 
33 
52 
91 
84 
85 
91 
80 
50 
55 
68 
91 
90 
80 
70 
51 
63 
97 
60 
58 
61 
34 
64 
39 
81 
58 
41 
24 
54 
38 
80 
89 
36 
32 
53 
59 
59 
97 
78 
78 
88 
52 
81 
20 
89 
39 
75 
20 
89 
55 
65 
25 
55 
81 
43 
27 
107 
50 
76 
39 
93 
37 
54 
86 
93 
29 
29 
53 
44 
37 
88 
40 
56 
55 
36 
21 
23 
90 
99 
90 
93 
54 
88 
24 
34 
78 
24 
80 
90 
92 
82 
92 
52 
90 
82 
83 
26 
73 
102 
37 
126 
84 
80 
47 
65 
29 
55 
57 
93 
59 
91 
56 
97 
52 
59 
57 
24 
92 
51 
29 
74 
56 
49 
60 
80 
27 
90 
47 
84 
27 
80 
31 
88 
42 
69 
47 
93 
56 
64 
82 
91 
52 
85 
46 
42 
77 
89 
49 
77 
48 
57 
80 
57 
47 
38 
57 
89 
27 
28 
78 
61 
72 
30 
53 
66 
33 
48 
85 
91 
37 
74 
19 
36 
48 
43 
37 
36 
20 
42 
59 
90 
47 
49 
45 
75 
90 
52 
91 
132 
45 
64 
39 
91 
31 
80 
65 
82 
90 
56 
80 
80 
55 
34 
82 
62 
93 
85 
48 
93 
58 
58 
43 
89 
91 
42 
90 
45 
89 
52 
43 
90 
80 
58 
49 
47 
80 
32 
91 
81 
89 
88 
99 
28 
66 
47 
33 
68 
81 
31 
90 
23 
58 
68 
54 
113 
63 
77 
29 
48 
82 
59 
67 
19 
90 
33 
57 
56 
96 
57 
88 
35 
90 
32 
80 
44 
19 
38 
37 
49 
25 
42 
20 
32 
65 
52 
45 
58 
22 
39 
90 
72 
59 
58 
89 
56 
56 
61 
74 
53 
103 
48 
26 
47 
81 
46 
54 
29 
19 
83 
60 
19 
20 
36 
55 
56 
36 
81 
49 
82 
138 
58 
52 
45 
37 
57 
30 
32 
89 
56 
20 
80 
95 
39 
92 
74 
79 
42 
30 
33 
60 
54 
90 
68 
78 
55 
21 
79 
50 
42 
94 
91 
84 
25 
47 
49 
64 
60 
19 
36 
49 
59 
91 
61 
99 
89 
99 
36 
29 
48 
37 
40 
50 
56 
60 
22 
52 
83 
49 
44 
37 
91 
47 
93 
27 
24 
58 
52 
43 
82 
17 
54 
51 
31 
46 
73 
34 
30 
55 
44 
26 
79 
80 
89 
104 
30 
82 
92 
80 
60 
81 
85 
55 
89 
81 
58 
144 
87 
50 
56 
96 
55 
74 
33 
26 
53 
89 
108 
143 
81 
65 
81 
96 
20 
31 
57 
81 
28 
89 
79 
19 
85 
53 
86 
20 
89 
107 
89 
88 
81 
80 
34 
65 
49 
56 
48 
46 
95 
53 
56 
57 
89 
59 
40 
53 
53 
59 
86 
50 
73 
45 
89 
58 
79 
90 
90 
19 
78 
84 
48 
52 
42 
20 
27 
90 
36 
53 
88 
72 
82 
45 
38 
78 
50 
83 
66 
80 
23 
28 
30 
89 
44 
66 
59 
52 
48 
58 
29 
84 
57 
58 
56 
80 
56 
39 
55 
60 
55 
93 
46 
161 
45 
80 
51 
59 
27 
84 
116 
31 
50 
47 
63 
27 
83 
42 
82 
89 
22 
73 
56 
50 
59 
37 
102 
32 
42 
88 
60 
90 
54 
47 
28 
92 
59 
23 
65 
91 
58 
79 
31 
84 
83 
46 
56 
91 
55 
47 
75 
91 
54 
27 
42 
53 
51 
89 
57 
53 
81 
47 
37 
30 
51 
47 
30 
90 
82 
89 
82 
50 
82 
78 
56 
52 
75 
93 
46 
58 
54 
98 
33 
52 
86 
47 
69 
90 
89 
93 
59 
49 
89 
30 
56 
88 
94 
161 
82 
93 
90 
69 
90 
61 
91 
49 
99 
67 
99 
86 
133 
88 
36 
83 
93 
28 
72 
17 
91 
77 
37 
55 
51 
81 
84 
31 
94 
50 
60 
59 
39 
81 
90 
73 
84 
71 
98 
79 
59 
79 
77 
85 
61 
88 
76 
80 
39 
39 
77 
77 
90 
25 
62 
83 
78 
72 
74 
34 
48 
74 
75 
80 
88 
96 
59 
47 
42 
31 
51 
81 
49 
88 
57 
89 
100 
71 
24 
90 
54 
88 
24 
78 
49 
37 
37 
81 
36 
92 
34 
45 
56 
