Tiempo en microsegundos
101
51
63
75
29
63
54
83
67
83
77
97
80
55
67
50
87
43
52
57
66
57
83
37
73
88
83
48
56
88
54
63
70
84
60
64
73
62
67
57
54
88
73
88
33
84
78
64
54
78
73
23
80
64
62
87
70
88
74
53
35
89
62
46
79
58
55
86
84
92
41
88
45
87
89
64
87
55
60
60
28
88
87
88
60
66
88
87
84
89
87
86
38
87
65
83
79
38
55
87
80
106
63
89
61
55
64
54
89
53
85
38
84
54
65
54
65
55
58
45
86
27
40
62
22
22
55
36
89
58
73
61
62
72
58
65
88
65
80
72
79
77
65
59
89
79
70
66
86
88
63
79
89
56
61
75
36
78
83
86
89
63
38
88
61
67
54
67
87
88
72
80
80
88
24
84
89
53
85
88
62
36
80
79
80
96
63
60
53
74
36
82
79
86
80
35
39
65
38
88
45
46
66
88
58
66
43
60
80
91
88
80
59
38
61
88
48
39
47
53
88
83
79
89
38
54
36
87
34
66
41
32
52
65
58
86
34
64
52
90
54
59
54
87
54
72
37
65
55
21
58
52
37
56
49
63
35
43
63
89
30
56
58
89
86
61
75
62
30
96
67
58
58
89
41
90
60
37
99
89
80
84
79
37
69
88
51
80
62
61
39
88
63
67
72
88
58
88
38
63
79
89
74
88
75
57
79
53
88
110
40
81
82
85
65
88
78
88
79
61
86
90
40
66
65
68
88
89
86
61
88
43
79
60
72
73
57
62
35
55
88
69
79
21
80
84
63
66
37
59
63
23
80
22
61
54
88
63
58
38
38
55
88
36
36
18
90
41
66
49
86
54
83
58
66
55
22
55
35
79
83
81
88
68
63
58
62
68
89
88
28
83
87
61
35
43
89
61
89
87
90
58
89
59
36
55
83
59
88
63
55
55
65
55
89
80
80
84
57
39
62
89
43
79
31
77
80
89
50
54
88
61
85
35
87
81
55
61
82
89
88
53
63
60
73
54
86
82
37
49
72
81
44
87
87
64
89
29
84
64
91
69
89
88
66
88
66
86
85
88
23
82
88
70
59
82
89
31
85
73
21
21
39
61
43
59
21
35
51
62
57
83
50
62
55
87
43
88
55
55
50
86
54
89
41
104
55
73
67
63
64
58
79
88
71
63
73
86
67
87
20
79
58
88
88
55
83
43
78
59
44
90
78
63
79
89
91
64
41
52
66
84
80
61
72
68
59
70
67
66
62
88
66
62
67
95
71
82
81
63
60
64
56
38
68
82
61
78
89
66
83
41
60
58
83
65
89
55
63
66
33
58
79
90
87
87
87
83
85
72
86
89
88
97
89
88
87
78
87
61
63
92
35
22
95
35
86
41
84
88
25
64
67
66
63
42
23
50
89
55
89
54
40
59
91
57
50
24
88
59
55
74
87
80
68
64
28
62
63
88
89
36
89
86
64
88
83
37
88
90
65
37
40
83
80
73
89
40
67
54
61
74
64
68
83
88
55
57
59
82
43
68
59
64
82
88
88
86
89
51
60
65
52
62
66
87
88
62
83
68
38
89
78
35
41
89
62
22
88
67
89
88
57
86
58
60
68
64
89
88
36
70
72
82
89
88
87
88
47
68
62
59
89
24
65
63
46
21
48
18
34
22
32
85
52
35
61
41
54
89
36
87
38
83
58
89
32
52
40
87
54
70
79
34
78
58
60
44
89
88
28
87
85
88
88
71
84
67
53
63
22
51
59
88
63
83
91
88
89
57
55
61
80
89
63
83
79
89
65
83
80
88
54
73
55
37
90
89
58
87
60
86
55
62
45
88
58
53
75
89
55
89
50
88
49
73
81
78
46
21
43
62
80
60
34
87
62
23
80
68
79
88
86
63
83
79
72
37
65
70
79
84
89
71
88
37
55
65
87
83
62
23
80
53
35
40
64
39
62
34
83
32
88
35
89
60
22
30
83
36
41
55
66
62
67
60
66
63
40
88
60
40
84
22
22
80
66
80
86
44
82
37
87
69
64
62
73
49
87
36
60
58
61
49
79
37
73
76
88
40
86
80
46
52
76
88
89
52
82
74
62
89
66
65
52
86
77
89
56
32
83
44
66
32
83
89
37
65
88
44
52
88
72
39
89
48
24
83
58
88
74
35
62
66
62
86
79
64
84
68
66
54
37
54
63
34
88
88
66
88
67
111
52
88
83
71
36
36
61
58
54
88
58
89
55
82
59
89
56
59
49
63
23
89
46
37
79
61
55
87
